x_hat = 4.42870967742
s_x = 7.36348827835
y_hat = 6.70048387097
s_y = 7.97084190871
R_sq = 0.880873490577
r = 0.938548608532
S_YY = 3928.36631106
SS_R = 467.972566371
Linear model Y = A + Bx, with A= 2.20274919663  and B= 1.01558580308
