x_hat = 263.554047619
s_x = 2040.3680275
y_hat = 22.4671428571
s_y = 124.398364321
R_sq = 0.817408602563
r = 0.90410652169
S_YY = 19351.5550918
SS_R = 3533.42748681
Linear model Y = A + Bx, with A= 6.22788327857  and B= 0.0616164301982
