x_hat = 4.42870967742
s_x = 7.36348827835
y_hat = 6.70048387097
s_y = 7.97084190871
R_sq = 0.0179256515844
r = 0.133886711754
S_YY = 1804.65812688
SS_R = 1772.30845407
Linear model Y = A + Bx, with A= 6.26560729108  and B= 0.0981948719972
