x_hat = 4.42870967742
s_x = 7.36348827835
y_hat = 1.96755921338
s_y = 1.51999070306
R_sq = 0.510434467597
r = 0.714446966259
S_YY = 143.205581126
SS_R = 70.1085165671
Linear model Y = A + Bx, with A= 1.31385536497  and B= 0.147605938529
