x_hat = 0.856918477493
s_x = 1.95129660527
y_hat = 1.96755921338
s_y = 1.51999070306
R_sq = 0.920045843698
r = 0.959190202044
S_YY = 143.205581126
SS_R = 11.4498814167
Linear model Y = A + Bx, with A= 1.32737412025  and B= 0.747078175972
