x_hat = 4.42870967742
s_x = 7.36348827835
y_hat = 6.70048387097
s_y = 7.97084190871
R_sq = 0.0690188393125
r = 0.262714368302
S_YY = 3928.36631106
SS_R = 3657.23502787
Linear model Y = A + Bx, with A= 4.40652249808  and B= 0.517975107869
