x_hat = 66.9276
s_x = 3.84644
y_hat = 9.71526
e^(y_hat) = 16568.5
s_y = 0.92148
e^(s_y) = 2.51301
R_sq = 0.0602669781366
r = 0.245493336237
S_YY = 1006.88047126
SS_R = 946.198827914
Linear model Y = A + Bx, with A= 5.78099380502  and B= 0.0587839487977
Increase in $-earnings/in is  6.05460837298 %
