x_hat = 66.9276
s_x = 3.84644
y_hat = 14.0162
s_y = 1.32941
R_sq = 0.060266973568
r = 0.245493326932
S_YY = 2095.68989503
SS_R = 1969.38900752
Linear model Y = A + Bx, with A= 8.34021057388  and B= 0.0848073105179
